HC-1,HC-2,JO-1,LS-1,NC-1,NCLD-1,PM-1,SARU,WC-1,Combined
N,24,24,24,24,21,10,25,23,18,193
Mean,9.26,9.14,9.003,7.962,9.004,9.748,10.92,9.389,9.646,9.316
SD,0.837,0.918,1.15,1.385,1.002,0.721,0.751,1.089,0.873,1.26
Median,9.39,9.25,9.165,8.165,8.92,9.84,10.83,9.42,9.615,9.38
Min,7.71,7.6,6.13,5.12,7.5,8.75,9.57,6.64,8.3,5.12
Max,10.9,11.17,11.05,10.61,10.91,10.67,12.46,11.68,11.05,12.46
Kruskal.p.value.between,NA,NA,NA,NA,NA,NA,NA,NA,NA,6.5e-12
NA's,0,0,3,3,0,2,2,5,0,15
N.Total,24,24,27,27,21,12,27,28,18,208
